    0.000000e+00    5.018501e-01    4.931331e-01    3.195674e-03    1.821155e-03
    2.067050e+01    5.018333e-01    4.931232e-01    3.209394e-03    1.834102e-03
    4.134100e+01    5.017880e-01    4.930966e-01    3.246398e-03    1.868980e-03
    6.201150e+01    5.017198e-01    4.930569e-01    3.302017e-03    1.921308e-03
    8.268200e+01    5.016328e-01    4.930066e-01    3.372845e-03    1.987788e-03
    1.033525e+02    5.015301e-01    4.929480e-01    3.456140e-03    2.065745e-03
    1.240230e+02    5.014146e-01    4.928831e-01    3.549524e-03    2.152846e-03
    1.446935e+02    5.012887e-01    4.928134e-01    3.650842e-03    2.246969e-03
    1.653640e+02    5.011549e-01    4.927408e-01    3.758089e-03    2.346140e-03
    1.860345e+02    5.010153e-01    4.926668e-01    3.869379e-03    2.448505e-03
    2.067050e+02    5.008718e-01    4.925929e-01    3.982932e-03    2.552326e-03
    2.273755e+02    5.007265e-01    4.925205e-01    4.097075e-03    2.655977e-03
    2.480460e+02    5.005809e-01    4.924509e-01    4.210239e-03    2.757951e-03
    2.687165e+02    5.004367e-01    4.923854e-01    4.320964e-03    2.856861e-03
    2.893870e+02    5.002954e-01    4.923252e-01    4.427904e-03    2.951452e-03
    3.100575e+02    5.001582e-01    4.922713e-01    4.529831e-03    3.040597e-03
    3.307280e+02    5.000263e-01    4.922247e-01    4.625638e-03    3.123309e-03
    3.513985e+02    4.999006e-01    4.921863e-01    4.714345e-03    3.198739e-03
    3.720690e+02    4.997820e-01    4.921567e-01    4.795099e-03    3.266179e-03
    3.927395e+02    4.996711e-01    4.921367e-01    4.867178e-03    3.325062e-03
    4.134100e+02    4.995684e-01    4.921266e-01    4.929990e-03    3.374963e-03
    4.340805e+02    4.994744e-01    4.921270e-01    4.983075e-03    3.415591e-03
    4.547510e+02    4.993892e-01    4.921379e-01    5.026105e-03    3.446793e-03
    4.754215e+02    4.993129e-01    4.921597e-01    5.058879e-03    3.468543e-03
    4.960920e+02    4.992456e-01    4.921922e-01    5.081320e-03    3.480937e-03
    5.167625e+02    4.991871e-01    4.922353e-01    5.093474e-03    3.484188e-03
    5.374330e+02    4.991371e-01    4.922887e-01    5.095503e-03    3.478617e-03
    5.581035e+02    4.990955e-01    4.923522e-01    5.087679e-03    3.464642e-03
    5.787740e+02    4.990616e-01    4.924252e-01    5.070374e-03    3.442771e-03
    5.994445e+02    4.990352e-01    4.925072e-01    5.044059e-03    3.413589e-03
    6.201150e+02    4.990156e-01    4.925974e-01    5.009290e-03    3.377750e-03
    6.407855e+02    4.990023e-01    4.926950e-01    4.966697e-03    3.335962e-03
    6.614560e+02    4.989947e-01    4.927993e-01    4.916982e-03    3.288982e-03
    6.821265e+02    4.989922e-01    4.929093e-01    4.860900e-03    3.237598e-03
    7.027970e+02    4.989941e-01    4.930240e-01    4.799253e-03    3.182622e-03
    7.234675e+02    4.989998e-01    4.931424e-01    4.732880e-03    3.124879e-03
    7.441380e+02    4.990087e-01    4.932634e-01    4.662642e-03    3.065193e-03
    7.648085e+02    4.990202e-01    4.933860e-01    4.589413e-03    3.004383e-03
    7.854790e+02    4.990336e-01    4.935091e-01    4.514073e-03    2.943246e-03
    8.061495e+02    4.990484e-01    4.936315e-01    4.437489e-03    2.882555e-03
    8.268200e+02    4.990641e-01    4.937523e-01    4.360515e-03    2.823048e-03
    8.474905e+02    4.990802e-01    4.938704e-01    4.283973e-03    2.765418e-03
    8.681610e+02    4.990962e-01    4.939848e-01    4.208653e-03    2.710312e-03
    8.888315e+02    4.991117e-01    4.940947e-01    4.135296e-03    2.658320e-03
    9.095020e+02    4.991263e-01    4.941991e-01    4.064595e-03    2.609976e-03
    9.301725e+02    4.991398e-01    4.942973e-01    3.997181e-03    2.565746e-03
    9.508430e+02    4.991517e-01    4.943886e-01    3.933624e-03    2.526035e-03
    9.715135e+02    4.991620e-01    4.944724e-01    3.874424e-03    2.491175e-03
    9.921840e+02    4.991704e-01    4.945482e-01    3.820009e-03    2.461430e-03
    1.012855e+03    4.991767e-01    4.946155e-01    3.770731e-03    2.436997e-03
    1.033525e+03    4.991809e-01    4.946742e-01    3.726869e-03    2.417999e-03
    1.054196e+03    4.991829e-01    4.947240e-01    3.688622e-03    2.404493e-03
    1.074866e+03    4.991826e-01    4.947648e-01    3.656115e-03    2.396469e-03
    1.095536e+03    4.991801e-01    4.947966e-01    3.629398e-03    2.393854e-03
    1.116207e+03    4.991754e-01    4.948196e-01    3.608447e-03    2.396513e-03
    1.136878e+03    4.991685e-01    4.948341e-01    3.593172e-03    2.404256e-03
    1.157548e+03    4.991595e-01    4.948402e-01    3.583415e-03    2.416838e-03
    1.178218e+03    4.991486e-01    4.948385e-01    3.578959e-03    2.433968e-03
    1.198889e+03    4.991358e-01    4.948294e-01    3.579534e-03    2.455311e-03
    1.219560e+03    4.991212e-01    4.948135e-01    3.584816e-03    2.480495e-03
    1.240230e+03    4.991051e-01    4.947913e-01    3.594444e-03    2.509114e-03
    1.260900e+03    4.990876e-01    4.947637e-01    3.608016e-03    2.540738e-03
    1.281571e+03    4.990688e-01    4.947311e-01    3.625102e-03    2.574913e-03
    1.302242e+03    4.990490e-01    4.946945e-01    3.645250e-03    2.611174e-03
    1.322912e+03    4.990284e-01    4.946546e-01    3.667992e-03    2.649043e-03
    1.343582e+03    4.990071e-01    4.946121e-01    3.692851e-03    2.688039e-03
    1.364253e+03    4.989853e-01    4.945677e-01    3.719347e-03    2.727685e-03
    1.384924e+03    4.989632e-01    4.945223e-01    3.747007e-03    2.767508e-03
    1.405594e+03    4.989410e-01    4.944766e-01    3.775364e-03    2.807049e-03
    1.426264e+03    4.989189e-01    4.944312e-01    3.803972e-03    2.845865e-03
    1.446935e+03    4.988972e-01    4.943869e-01    3.832402e-03    2.883534e-03
    1.467606e+03    4.988759e-01    4.943442e-01    3.860254e-03    2.919660e-03
    1.488276e+03    4.988553e-01    4.943037e-01    3.887156e-03    2.953874e-03
    1.508947e+03    4.988356e-01    4.942658e-01    3.912772e-03    2.985842e-03
    1.529617e+03    4.988169e-01    4.942311e-01    3.936799e-03    3.015261e-03
    1.550288e+03    4.987993e-01    4.941998e-01    3.958978e-03    3.041869e-03
    1.570958e+03    4.987832e-01    4.941723e-01    3.979085e-03    3.065439e-03
    1.591629e+03    4.987685e-01    4.941488e-01    3.996943e-03    3.085788e-03
    1.612299e+03    4.987554e-01    4.941294e-01    4.012412e-03    3.102771e-03
    1.632970e+03    4.987442e-01    4.941142e-01    4.025398e-03    3.116287e-03
    1.653640e+03    4.987347e-01    4.941031e-01    4.035846e-03    3.126274e-03
    1.674311e+03    4.987273e-01    4.940962e-01    4.043740e-03    3.132712e-03
    1.694981e+03    4.987219e-01    4.940933e-01    4.049104e-03    3.135622e-03
    1.715651e+03    4.987187e-01    4.940943e-01    4.051996e-03    3.135063e-03
    1.736322e+03    4.987176e-01    4.940988e-01    4.052509e-03    3.131129e-03
    1.756993e+03    4.987188e-01    4.941065e-01    4.050764e-03    3.123951e-03
    1.777663e+03    4.987222e-01    4.941172e-01    4.046910e-03    3.113690e-03
    1.798333e+03    4.987278e-01    4.941305e-01    4.041121e-03    3.100540e-03
    1.819004e+03    4.987357e-01    4.941460e-01    4.033587e-03    3.084718e-03
    1.839675e+03    4.987459e-01    4.941632e-01    4.024517e-03    3.066465e-03
    1.860345e+03    4.987581e-01    4.941817e-01    4.014133e-03    3.046043e-03
    1.881015e+03    4.987725e-01    4.942011e-01    4.002663e-03    3.023729e-03
    1.901686e+03    4.987889e-01    4.942209e-01    3.990341e-03    2.999813e-03
    1.922357e+03    4.988073e-01    4.942407e-01    3.977403e-03    2.974596e-03
    1.943027e+03    4.988274e-01    4.942601e-01    3.964082e-03    2.948381e-03
    1.963697e+03    4.988493e-01    4.942786e-01    3.950607e-03    2.921475e-03
    1.984368e+03    4.988727e-01    4.942959e-01    3.937196e-03    2.894182e-03
    2.005039e+03    4.988975e-01    4.943117e-01    3.924059e-03    2.866802e-03
    2.025709e+03    4.989235e-01    4.943255e-01    3.911390e-03    2.839624e-03
    2.046380e+03    4.989505e-01    4.943372e-01    3.899369e-03    2.812928e-03
    2.067050e+03    4.989785e-01    4.943464e-01    3.888157e-03    2.786978e-03
    2.087720e+03    4.990071e-01    4.943530e-01    3.877897e-03    2.762021e-03
    2.108391e+03    4.990362e-01    4.943568e-01    3.868713e-03    2.738284e-03
    2.129062e+03    4.990656e-01    4.943577e-01    3.860706e-03    2.715973e-03
    2.149732e+03    4.990951e-01    4.943557e-01    3.853957e-03    2.695271e-03
    2.170403e+03    4.991245e-01    4.943506e-01    3.848526e-03    2.676334e-03
    2.191073e+03    4.991537e-01    4.943426e-01    3.844450e-03    2.659295e-03
    2.211744e+03    4.991823e-01    4.943317e-01    3.841747e-03    2.644259e-03
    2.232414e+03    4.992104e-01    4.943179e-01    3.840415e-03    2.631302e-03
    2.253084e+03    4.992376e-01    4.943015e-01    3.840432e-03    2.620475e-03
    2.273755e+03    4.992639e-01    4.942826e-01    3.841758e-03    2.611802e-03
    2.294426e+03    4.992891e-01    4.942613e-01    3.844339e-03    2.605280e-03
    2.315096e+03    4.993130e-01    4.942380e-01    3.848102e-03    2.600880e-03
    2.335767e+03    4.993356e-01    4.942129e-01    3.852966e-03    2.598548e-03
    2.356437e+03    4.993568e-01    4.941862e-01    3.858834e-03    2.598209e-03
    2.377108e+03    4.993764e-01    4.941582e-01    3.865603e-03    2.599766e-03
    2.397778e+03    4.993945e-01    4.941293e-01    3.873160e-03    2.603100e-03
    2.418448e+03    4.994109e-01    4.940996e-01    3.881389e-03    2.608077e-03
    2.439119e+03    4.994257e-01    4.940696e-01    3.890168e-03    2.614547e-03
    2.459789e+03    4.994388e-01    4.940395e-01    3.899375e-03    2.622348e-03
    2.480460e+03    4.994503e-01    4.940095e-01    3.908887e-03    2.631304e-03
    2.501131e+03    4.994602e-01    4.939800e-01    3.918583e-03    2.641234e-03
    2.521801e+03    4.994685e-01    4.939512e-01    3.928346e-03    2.651951e-03
    2.542472e+03    4.994753e-01    4.939234e-01    3.938063e-03    2.663263e-03
    2.563142e+03    4.994807e-01    4.938967e-01    3.947627e-03    2.674978e-03
    2.583812e+03    4.994847e-01    4.938715e-01    3.956939e-03    2.686907e-03
    2.604483e+03    4.994875e-01    4.938477e-01    3.965909e-03    2.698863e-03
    2.625153e+03    4.994892e-01    4.938257e-01    3.974456e-03    2.710666e-03
    2.645824e+03    4.994899e-01    4.938055e-01    3.982507e-03    2.722143e-03
    2.666495e+03    4.994897e-01    4.937871e-01    3.990002e-03    2.733132e-03
    2.687165e+03    4.994889e-01    4.937708e-01    3.996890e-03    2.743483e-03
    2.707836e+03    4.994874e-01    4.937564e-01    4.003133e-03    2.753058e-03
    2.728506e+03    4.994855e-01    4.937441e-01    4.008702e-03    2.761734e-03
    2.749177e+03    4.994833e-01    4.937337e-01    4.013580e-03    2.769403e-03
    2.769847e+03    4.994810e-01    4.937253e-01    4.017759e-03    2.775973e-03
    2.790517e+03    4.994787e-01    4.937187e-01    4.021243e-03    2.781371e-03
    2.811188e+03    4.994765e-01    4.937140e-01    4.024044e-03    2.785538e-03
    2.831859e+03    4.994745e-01    4.937109e-01    4.026185e-03    2.788435e-03
    2.852529e+03    4.994729e-01    4.937093e-01    4.027694e-03    2.790039e-03
    2.873200e+03    4.994719e-01    4.937092e-01    4.028608e-03    2.790345e-03
    2.893870e+03    4.994714e-01    4.937103e-01    4.028971e-03    2.789363e-03
    2.914541e+03    4.994716e-01    4.937125e-01    4.028831e-03    2.787120e-03
    2.935211e+03    4.994726e-01    4.937155e-01    4.028242e-03    2.783658e-03
    2.955881e+03    4.994744e-01    4.937193e-01    4.027259e-03    2.779034e-03
    2.976552e+03    4.994771e-01    4.937237e-01    4.025943e-03    2.773314e-03
    2.997222e+03    4.994807e-01    4.937284e-01    4.024353e-03    2.766580e-03
    3.017893e+03    4.994853e-01    4.937333e-01    4.022551e-03    2.758922e-03
    3.038564e+03    4.994908e-01    4.937382e-01    4.020597e-03    2.750438e-03
    3.059234e+03    4.994973e-01    4.937429e-01    4.018551e-03    2.741234e-03
    3.079905e+03    4.995048e-01    4.937474e-01    4.016470e-03    2.731423e-03
    3.100575e+03    4.995131e-01    4.937513e-01    4.014408e-03    2.721120e-03
    3.121245e+03    4.995224e-01    4.937548e-01    4.012418e-03    2.710442e-03
    3.141916e+03    4.995325e-01    4.937575e-01    4.010546e-03    2.699510e-03
    3.162586e+03    4.995433e-01    4.937594e-01    4.008834e-03    2.688440e-03
    3.183257e+03    4.995549e-01    4.937604e-01    4.007322e-03    2.677349e-03
    3.203928e+03    4.995671e-01    4.937605e-01    4.006040e-03    2.666350e-03
    3.224598e+03    4.995798e-01    4.937596e-01    4.005017e-03    2.655550e-03
    3.245269e+03    4.995930e-01    4.937577e-01    4.004274e-03    2.645051e-03
    3.265939e+03    4.996065e-01    4.937547e-01    4.003827e-03    2.634949e-03
    3.286610e+03    4.996203e-01    4.937507e-01    4.003686e-03    2.625329e-03
    3.307280e+03    4.996342e-01    4.937456e-01    4.003857e-03    2.616270e-03
    3.327950e+03    4.996482e-01    4.937396e-01    4.004339e-03    2.607841e-03
    3.348621e+03    4.996622e-01    4.937326e-01    4.005127e-03    2.600100e-03
    3.369292e+03    4.996760e-01    4.937247e-01    4.006211e-03    2.593096e-03
    3.389962e+03    4.996895e-01    4.937160e-01    4.007578e-03    2.586866e-03
    3.410633e+03    4.997028e-01    4.937066e-01    4.009209e-03    2.581436e-03
    3.431303e+03    4.997156e-01    4.936965e-01    4.011084e-03    2.576825e-03
    3.451974e+03    4.997279e-01    4.936859e-01    4.013177e-03    2.573036e-03
    3.472644e+03    4.997397e-01    4.936748e-01    4.015463e-03    2.570066e-03
    3.493314e+03    4.997508e-01    4.936634e-01    4.017913e-03    2.567901e-03
    3.513985e+03    4.997612e-01    4.936518e-01    4.020497e-03    2.566518e-03
    3.534656e+03    4.997709e-01    4.936400e-01    4.023185e-03    2.565884e-03
    3.555326e+03    4.997798e-01    4.936283e-01    4.025947e-03    2.565959e-03
    3.575997e+03    4.997879e-01    4.936167e-01    4.028751e-03    2.566697e-03
    3.596667e+03    4.997952e-01    4.936052e-01    4.031569e-03    2.568044e-03
    3.617338e+03    4.998016e-01    4.935941e-01    4.034370e-03    2.569941e-03
    3.638008e+03    4.998072e-01    4.935834e-01    4.037128e-03    2.572326e-03
    3.658678e+03    4.998119e-01    4.935731e-01    4.039818e-03    2.575132e-03
    3.679349e+03    4.998158e-01    4.935635e-01    4.042416e-03    2.578289e-03
    3.700019e+03    4.998190e-01    4.935544e-01    4.044902e-03    2.581726e-03
    3.720690e+03    4.998213e-01    4.935461e-01    4.047257e-03    2.585373e-03
    3.741361e+03    4.998230e-01    4.935384e-01    4.049466e-03    2.589158e-03
    3.762031e+03    4.998239e-01    4.935316e-01    4.051517e-03    2.593010e-03
    3.782702e+03    4.998243e-01    4.935255e-01    4.053400e-03    2.596862e-03
    3.803372e+03    4.998240e-01    4.935202e-01    4.055110e-03    2.600649e-03
    3.824043e+03    4.998233e-01    4.935157e-01    4.056642e-03    2.604307e-03
    3.844713e+03    4.998221e-01    4.935121e-01    4.057996e-03    2.607781e-03
    3.865383e+03    4.998206e-01    4.935092e-01    4.059174e-03    2.611016e-03
    3.886054e+03    4.998188e-01    4.935071e-01    4.060182e-03    2.613964e-03
    3.906725e+03    4.998167e-01    4.935057e-01    4.061026e-03    2.616583e-03
    3.927395e+03    4.998145e-01    4.935049e-01    4.061716e-03    2.618837e-03
    3.948066e+03    4.998122e-01    4.935048e-01    4.062264e-03    2.620694e-03
    3.968736e+03    4.998099e-01    4.935053e-01    4.062682e-03    2.622131e-03
    3.989407e+03    4.998076e-01    4.935062e-01    4.062986e-03    2.623130e-03
    4.010077e+03    4.998055e-01    4.935076e-01    4.063190e-03    2.623678e-03
    4.030747e+03    4.998035e-01    4.935094e-01    4.063310e-03    2.623772e-03
    4.051418e+03    4.998018e-01    4.935114e-01    4.063365e-03    2.623411e-03
    4.072089e+03    4.998003e-01    4.935137e-01    4.063369e-03    2.622601e-03
    4.092759e+03    4.997992e-01    4.935161e-01    4.063341e-03    2.621356e-03
    4.113430e+03    4.997984e-01    4.935186e-01    4.063297e-03    2.619691e-03
    4.134100e+03    4.997981e-01    4.935210e-01    4.063251e-03    2.617629e-03
    4.154771e+03    4.997982e-01    4.935234e-01    4.063220e-03    2.615195e-03
    4.175441e+03    4.997987e-01    4.935257e-01    4.063216e-03    2.612421e-03
    4.196111e+03    4.997997e-01    4.935277e-01    4.063251e-03    2.609338e-03
    4.216782e+03    4.998012e-01    4.935295e-01    4.063337e-03    2.605983e-03
    4.237453e+03    4.998031e-01    4.935310e-01    4.063482e-03    2.602393e-03
    4.258123e+03    4.998056e-01    4.935321e-01    4.063694e-03    2.598610e-03
    4.278793e+03    4.998085e-01    4.935329e-01    4.063979e-03    2.594672e-03
    4.299464e+03    4.998118e-01    4.935332e-01    4.064339e-03    2.590622e-03
    4.320135e+03    4.998156e-01    4.935331e-01    4.064776e-03    2.586502e-03
    4.340805e+03    4.998198e-01    4.935326e-01    4.065291e-03    2.582351e-03
    4.361476e+03    4.998243e-01    4.935316e-01    4.065882e-03    2.578210e-03
    4.382146e+03    4.998292e-01    4.935301e-01    4.066544e-03    2.574116e-03
    4.402816e+03    4.998344e-01    4.935282e-01    4.067274e-03    2.570108e-03
    4.423487e+03    4.998399e-01    4.935258e-01    4.068063e-03    2.566217e-03
    4.444158e+03    4.998456e-01    4.935230e-01    4.068905e-03    2.562478e-03
    4.464828e+03    4.998514e-01    4.935199e-01    4.069790e-03    2.558917e-03
    4.485498e+03    4.998574e-01    4.935163e-01    4.070708e-03    2.555561e-03
    4.506169e+03    4.998635e-01    4.935125e-01    4.071649e-03    2.552432e-03
    4.526840e+03    4.998695e-01    4.935083e-01    4.072601e-03    2.549548e-03
    4.547510e+03    4.998756e-01    4.935039e-01    4.073552e-03    2.546926e-03
    4.568181e+03    4.998816e-01    4.934994e-01    4.074491e-03    2.544576e-03
    4.588851e+03    4.998874e-01    4.934947e-01    4.075407e-03    2.542508e-03
    4.609521e+03    4.998931e-01    4.934899e-01    4.076288e-03    2.540724e-03
    4.630192e+03    4.998986e-01    4.934850e-01    4.077123e-03    2.539226e-03
    4.650863e+03    4.999039e-01    4.934802e-01    4.077902e-03    2.538012e-03
    4.671533e+03    4.999089e-01    4.934754e-01    4.078617e-03    2.537076e-03
    4.692204e+03    4.999136e-01    4.934708e-01    4.079258e-03    2.536409e-03
    4.712874e+03    4.999179e-01    4.934663e-01    4.079819e-03    2.536000e-03
    4.733544e+03    4.999219e-01    4.934620e-01    4.080295e-03    2.535834e-03
    4.754215e+03    4.999255e-01    4.934579e-01    4.080681e-03    2.535896e-03
    4.774886e+03    4.999287e-01    4.934541e-01    4.080974e-03    2.536166e-03
    4.795556e+03    4.999315e-01    4.934507e-01    4.081172e-03    2.536625e-03
    4.816226e+03    4.999339e-01    4.934475e-01    4.081277e-03    2.537252e-03
    4.836897e+03    4.999359e-01    4.934447e-01    4.081289e-03    2.538023e-03
    4.857568e+03    4.999375e-01    4.934424e-01    4.081212e-03    2.538915e-03
    4.878238e+03    4.999387e-01    4.934404e-01    4.081050e-03    2.539904e-03
    4.898909e+03    4.999395e-01    4.934387e-01    4.080809e-03    2.540967e-03
    4.919579e+03    4.999399e-01    4.934375e-01    4.080497e-03    2.542079e-03
    4.940249e+03    4.999399e-01    4.934367e-01    4.080121e-03    2.543217e-03
    4.960920e+03    4.999396e-01    4.934363e-01    4.079691e-03    2.544358e-03
    4.981591e+03    4.999390e-01    4.934363e-01    4.079218e-03    2.545480e-03
    5.002261e+03    4.999382e-01    4.934366e-01    4.078711e-03    2.546563e-03
    5.022931e+03    4.999370e-01    4.934372e-01    4.078183e-03    2.547586e-03
    5.043602e+03    4.999357e-01    4.934381e-01    4.077644e-03    2.548532e-03
    5.064273e+03    4.999342e-01    4.934394e-01    4.077108e-03    2.549385e-03
    5.084943e+03    4.999325e-01    4.934408e-01    4.076586e-03    2.550129e-03
    5.105614e+03    4.999307e-01    4.934425e-01    4.076090e-03    2.550753e-03
    5.126284e+03    4.999288e-01    4.934443e-01    4.075630e-03    2.551246e-03
    5.146954e+03    4.999269e-01    4.934463e-01    4.075218e-03    2.551600e-03
    5.167625e+03    4.999250e-01    4.934483e-01    4.074864e-03    2.551806e-03
    5.188296e+03    4.999231e-01    4.934504e-01    4.074577e-03    2.551862e-03
    5.208966e+03    4.999213e-01    4.934525e-01    4.074365e-03    2.551764e-03
    5.229637e+03    4.999196e-01    4.934546e-01    4.074235e-03    2.551513e-03
    5.250307e+03    4.999181e-01    4.934566e-01    4.074193e-03    2.551108e-03
    5.270977e+03    4.999167e-01    4.934585e-01    4.074243e-03    2.550554e-03
    5.291648e+03    4.999155e-01    4.934603e-01    4.074388e-03    2.549855e-03
    5.312319e+03    4.999145e-01    4.934619e-01    4.074630e-03    2.549017e-03
    5.332989e+03    4.999137e-01    4.934633e-01    4.074969e-03    2.548048e-03
    5.353659e+03    4.999132e-01    4.934645e-01    4.075403e-03    2.546958e-03
    5.374330e+03    4.999129e-01    4.934654e-01    4.075930e-03    2.545756e-03
    5.395001e+03    4.999130e-01    4.934660e-01    4.076544e-03    2.544454e-03
    5.415671e+03    4.999133e-01    4.934664e-01    4.077240e-03    2.543063e-03
    5.436342e+03    4.999139e-01    4.934665e-01    4.078012e-03    2.541596e-03
    5.457012e+03    4.999147e-01    4.934663e-01    4.078851e-03    2.540067e-03
    5.477682e+03    4.999159e-01    4.934659e-01    4.079747e-03    2.538488e-03
    5.498353e+03    4.999174e-01    4.934651e-01    4.080690e-03    2.536873e-03
    5.519024e+03    4.999191e-01    4.934640e-01    4.081669e-03    2.535236e-03
    5.539694e+03    4.999210e-01    4.934627e-01    4.082673e-03    2.533590e-03
    5.560365e+03    4.999232e-01    4.934611e-01    4.083688e-03    2.531947e-03
    5.581035e+03    4.999257e-01    4.934593e-01    4.084703e-03    2.530320e-03
    5.601706e+03    4.999283e-01    4.934573e-01    4.085705e-03    2.528722e-03
    5.622376e+03    4.999311e-01    4.934551e-01    4.086680e-03    2.527163e-03
    5.643047e+03    4.999341e-01    4.934527e-01    4.087617e-03    2.525654e-03
    5.663717e+03    4.999371e-01    4.934502e-01    4.088502e-03    2.524204e-03
    5.684387e+03    4.999403e-01    4.934475e-01    4.089326e-03    2.522823e-03
    5.705058e+03    4.999436e-01    4.934448e-01    4.090076e-03    2.521517e-03
    5.725729e+03    4.999469e-01    4.934421e-01    4.090743e-03    2.520293e-03
    5.746399e+03    4.999502e-01    4.934393e-01    4.091317e-03    2.519156e-03
    5.767070e+03    4.999535e-01    4.934366e-01    4.091791e-03    2.518112e-03
    5.787740e+03    4.999567e-01    4.934340e-01    4.092159e-03    2.517163e-03
    5.808410e+03    4.999599e-01    4.934314e-01    4.092414e-03    2.516311e-03
    5.829081e+03    4.999630e-01    4.934289e-01    4.092554e-03    2.515557e-03
    5.849752e+03    4.999659e-01    4.934266e-01    4.092575e-03    2.514901e-03
    5.870422e+03    4.999687e-01    4.934245e-01    4.092478e-03    2.514343e-03
    5.891092e+03    4.999713e-01    4.934225e-01    4.092261e-03    2.513880e-03
    5.911763e+03    4.999737e-01    4.934208e-01    4.091929e-03    2.513509e-03
    5.932434e+03    4.999760e-01    4.934193e-01    4.091484e-03    2.513226e-03
    5.953104e+03    4.999780e-01    4.934181e-01    4.090931e-03    2.513027e-03
    5.973775e+03    4.999797e-01    4.934171e-01    4.090278e-03    2.512906e-03
    5.994445e+03    4.999812e-01    4.934164e-01    4.089531e-03    2.512858e-03
    6.015115e+03    4.999825e-01    4.934159e-01    4.088701e-03    2.512876e-03
    6.035786e+03    4.999835e-01    4.934158e-01    4.087796e-03    2.512953e-03
    6.056457e+03    4.999842e-01    4.934159e-01    4.086828e-03    2.513081e-03
    6.077127e+03    4.999847e-01    4.934162e-01    4.085810e-03    2.513254e-03
    6.097798e+03    4.999849e-01    4.934169e-01    4.084753e-03    2.513464e-03
    6.118468e+03    4.999849e-01    4.934177e-01    4.083670e-03    2.513702e-03
    6.139139e+03    4.999846e-01    4.934188e-01    4.082576e-03    2.513960e-03
    6.159809e+03    4.999842e-01    4.934201e-01    4.081482e-03    2.514232e-03
    6.180480e+03    4.999835e-01    4.934216e-01    4.080404e-03    2.514509e-03
    6.201150e+03    4.999826e-01    4.934233e-01    4.079354e-03    2.514784e-03
    6.221820e+03    4.999815e-01    4.934251e-01    4.078344e-03    2.515049e-03
    6.242491e+03    4.999803e-01    4.934270e-01    4.077389e-03    2.515299e-03
    6.263162e+03    4.999790e-01    4.934290e-01    4.076498e-03    2.515526e-03
    6.283832e+03    4.999776e-01    4.934310e-01    4.075682e-03    2.515724e-03
    6.304503e+03    4.999760e-01    4.934331e-01    4.074953e-03    2.515888e-03
    6.325173e+03    4.999745e-01    4.934352e-01    4.074318e-03    2.516014e-03
    6.345843e+03    4.999729e-01    4.934373e-01    4.073784e-03    2.516096e-03
    6.366514e+03    4.999712e-01    4.934393e-01    4.073358e-03    2.516131e-03
    6.387185e+03    4.999696e-01    4.934412e-01    4.073045e-03    2.516117e-03
    6.407855e+03    4.999681e-01    4.934430e-01    4.072848e-03    2.516049e-03
    6.428525e+03    4.999666e-01    4.934447e-01    4.072768e-03    2.515927e-03
    6.449196e+03    4.999652e-01    4.934462e-01    4.072805e-03    2.515750e-03
    6.469867e+03    4.999639e-01    4.934476e-01    4.072959e-03    2.515516e-03
    6.490537e+03    4.999628e-01    4.934487e-01    4.073227e-03    2.515226e-03
    6.511208e+03    4.999618e-01    4.934497e-01    4.073604e-03    2.514880e-03
    6.531878e+03    4.999610e-01    4.934505e-01    4.074084e-03    2.514480e-03
    6.552548e+03    4.999603e-01    4.934510e-01    4.074661e-03    2.514026e-03
    6.573219e+03    4.999599e-01    4.934513e-01    4.075326e-03    2.513522e-03
    6.593890e+03    4.999596e-01    4.934513e-01    4.076069e-03    2.512971e-03
    6.614560e+03    4.999596e-01    4.934512e-01    4.076880e-03    2.512374e-03
    6.635231e+03    4.999598e-01    4.934508e-01    4.077749e-03    2.511736e-03
    6.655901e+03    4.999601e-01    4.934501e-01    4.078661e-03    2.511061e-03
    6.676572e+03    4.999607e-01    4.934493e-01    4.079605e-03    2.510353e-03
    6.697242e+03    4.999616e-01    4.934483e-01    4.080568e-03    2.509616e-03
    6.717913e+03    4.999626e-01    4.934470e-01    4.081536e-03    2.508855e-03
    6.738583e+03    4.999638e-01    4.934456e-01    4.082496e-03    2.508076e-03
    6.759253e+03    4.999652e-01    4.934441e-01    4.083434e-03    2.507281e-03
    6.779924e+03    4.999668e-01    4.934424e-01    4.084337e-03    2.506478e-03
    6.800595e+03    4.999685e-01    4.934406e-01    4.085193e-03    2.505671e-03
    6.821265e+03    4.999704e-01    4.934388e-01    4.085989e-03    2.504864e-03
    6.841936e+03    4.999724e-01    4.934368e-01    4.086713e-03    2.504063e-03
    6.862606e+03    4.999745e-01    4.934349e-01    4.087356e-03    2.503272e-03
    6.883276e+03    4.999767e-01    4.934329e-01    4.087907e-03    2.502497e-03
    6.903947e+03    4.999790e-01    4.934309e-01    4.088359e-03    2.501741e-03
    6.924618e+03    4.999813e-01    4.934290e-01    4.088703e-03    2.501008e-03
    6.945288e+03    4.999836e-01    4.934272e-01    4.088935e-03    2.500303e-03
    6.965958e+03    4.999859e-01    4.934254e-01    4.089049e-03    2.499628e-03
    6.986629e+03    4.999882e-01    4.934237e-01    4.089044e-03    2.498988e-03
    7.007300e+03    4.999905e-01    4.934222e-01    4.088916e-03    2.498385e-03
    7.027970e+03    4.999927e-01    4.934209e-01    4.088666e-03    2.497820e-03
    7.048641e+03    4.999947e-01    4.934197e-01    4.088296e-03    2.497298e-03
    7.069311e+03    4.999967e-01    4.934187e-01    4.087808e-03    2.496818e-03
    7.089981e+03    4.999986e-01    4.934178e-01    4.087207e-03    2.496381e-03
    7.110652e+03    5.000003e-01    4.934172e-01    4.086499e-03    2.495990e-03
    7.131323e+03    5.000018e-01    4.934168e-01    4.085690e-03    2.495644e-03
    7.151993e+03    5.000032e-01    4.934166e-01    4.084789e-03    2.495342e-03
    7.172664e+03    5.000044e-01    4.934167e-01    4.083805e-03    2.495085e-03
    7.193334e+03    5.000054e-01    4.934169e-01    4.082749e-03    2.494870e-03
    7.214005e+03    5.000063e-01    4.934174e-01    4.081631e-03    2.494698e-03
    7.234675e+03    5.000069e-01    4.934181e-01    4.080464e-03    2.494565e-03
    7.255346e+03    5.000073e-01    4.934190e-01    4.079260e-03    2.494471e-03
    7.276016e+03    5.000075e-01    4.934200e-01    4.078033e-03    2.494411e-03
    7.296686e+03    5.000075e-01    4.934213e-01    4.076794e-03    2.494384e-03
    7.317357e+03    5.000074e-01    4.934227e-01    4.075558e-03    2.494387e-03
    7.338028e+03    5.000070e-01    4.934242e-01    4.074338e-03    2.494415e-03
    7.358698e+03    5.000065e-01    4.934259e-01    4.073146e-03    2.494466e-03
    7.379369e+03    5.000058e-01    4.934277e-01    4.071995e-03    2.494536e-03
    7.400039e+03    5.000049e-01    4.934296e-01    4.070897e-03    2.494621e-03
    7.420709e+03    5.000039e-01    4.934315e-01    4.069863e-03    2.494716e-03
    7.441380e+03    5.000028e-01    4.934334e-01    4.068904e-03    2.494819e-03
    7.462051e+03    5.000016e-01    4.934354e-01    4.068029e-03    2.494924e-03
    7.482721e+03    5.000004e-01    4.934374e-01    4.067247e-03    2.495028e-03
    7.503392e+03    4.999990e-01    4.934393e-01    4.066564e-03    2.495128e-03
    7.524062e+03    4.999976e-01    4.934411e-01    4.065987e-03    2.495218e-03
    7.544733e+03    4.999962e-01    4.934429e-01    4.065520e-03    2.495295e-03
    7.565403e+03    4.999948e-01    4.934446e-01    4.065166e-03    2.495356e-03
    7.586074e+03    4.999935e-01    4.934462e-01    4.064928e-03    2.495398e-03
    7.606744e+03    4.999921e-01    4.934477e-01    4.064805e-03    2.495417e-03
    7.627414e+03    4.999908e-01    4.934490e-01    4.064796e-03    2.495410e-03
    7.648085e+03    4.999896e-01    4.934501e-01    4.064900e-03    2.495376e-03
    7.668756e+03    4.999885e-01    4.934510e-01    4.065111e-03    2.495311e-03
    7.689426e+03    4.999875e-01    4.934518e-01    4.065425e-03    2.495214e-03
    7.710097e+03    4.999867e-01    4.934524e-01    4.065836e-03    2.495084e-03
    7.730767e+03    4.999860e-01    4.934528e-01    4.066335e-03    2.494919e-03
    7.751438e+03    4.999854e-01    4.934530e-01    4.066913e-03    2.494719e-03
    7.772108e+03    4.999850e-01    4.934530e-01    4.067562e-03    2.494483e-03
    7.792779e+03    4.999848e-01    4.934528e-01    4.068271e-03    2.494212e-03
    7.813449e+03    4.999847e-01    4.934524e-01    4.069027e-03    2.493905e-03
    7.834119e+03    4.999848e-01    4.934518e-01    4.069820e-03    2.493565e-03
    7.854790e+03    4.999851e-01    4.934511e-01    4.070638e-03    2.493191e-03
    7.875461e+03    4.999856e-01    4.934502e-01    4.071466e-03    2.492786e-03
    7.896131e+03    4.999863e-01    4.934491e-01    4.072294e-03    2.492351e-03
    7.916802e+03    4.999871e-01    4.934479e-01    4.073108e-03    2.491889e-03
    7.937472e+03    4.999881e-01    4.934466e-01    4.073896e-03    2.491402e-03
    7.958142e+03    4.999892e-01    4.934452e-01    4.074646e-03    2.490893e-03
    7.978813e+03    4.999905e-01    4.934438e-01    4.075346e-03    2.490365e-03
    7.999484e+03    4.999919e-01    4.934423e-01    4.075985e-03    2.489821e-03
    8.020154e+03    4.999935e-01    4.934407e-01    4.076553e-03    2.489265e-03
    8.040825e+03    4.999951e-01    4.934391e-01    4.077042e-03    2.488701e-03
    8.061495e+03    4.999969e-01    4.934376e-01    4.077441e-03    2.488131e-03
    8.082166e+03    4.999987e-01    4.934360e-01    4.077746e-03    2.487559e-03
    8.102836e+03    5.000005e-01    4.934346e-01    4.077949e-03    2.486990e-03
    8.123507e+03    5.000024e-01    4.934332e-01    4.078045e-03    2.486427e-03
    8.144177e+03    5.000043e-01    4.934318e-01    4.078032e-03    2.485874e-03
    8.164847e+03    5.000061e-01    4.934306e-01    4.077907e-03    2.485333e-03
    8.185518e+03    5.000080e-01    4.934295e-01    4.077670e-03    2.484809e-03
    8.206189e+03    5.000098e-01    4.934286e-01    4.077321e-03    2.484304e-03
    8.226859e+03    5.000115e-01    4.934278e-01    4.076862e-03    2.483821e-03
    8.247530e+03    5.000132e-01    4.934271e-01    4.076296e-03    2.483364e-03
    8.268200e+03    5.000148e-01    4.934267e-01    4.075629e-03    2.482934e-03
    8.288871e+03    5.000162e-01    4.934264e-01    4.074865e-03    2.482534e-03
    8.309541e+03    5.000176e-01    4.934263e-01    4.074013e-03    2.482165e-03
    8.330211e+03    5.000188e-01    4.934263e-01    4.073079e-03    2.481829e-03
    8.350882e+03    5.000198e-01    4.934266e-01    4.072073e-03    2.481527e-03
    8.371552e+03    5.000207e-01    4.934270e-01    4.071005e-03    2.481259e-03
    8.392223e+03    5.000214e-01    4.934277e-01    4.069886e-03    2.481027e-03
    8.412894e+03    5.000220e-01    4.934285e-01    4.068726e-03    2.480829e-03
    8.433564e+03    5.000224e-01    4.934294e-01    4.067536e-03    2.480666e-03
    8.454235e+03    5.000226e-01    4.934305e-01    4.066330e-03    2.480536e-03
    8.474905e+03    5.000227e-01    4.934318e-01    4.065118e-03    2.480439e-03
    8.495576e+03    5.000226e-01    4.934331e-01    4.063913e-03    2.480372e-03
    8.516246e+03    5.000223e-01    4.934346e-01    4.062727e-03    2.480335e-03
    8.536916e+03    5.000219e-01    4.934362e-01    4.061571e-03    2.480324e-03
    8.557587e+03    5.000213e-01    4.934379e-01    4.060457e-03    2.480338e-03
    8.578257e+03    5.000206e-01    4.934396e-01    4.059395e-03    2.480373e-03
    8.598928e+03    5.000198e-01    4.934414e-01    4.058394e-03    2.480427e-03
    8.619599e+03    5.000189e-01    4.934432e-01    4.057465e-03    2.480496e-03
    8.640269e+03    5.000179e-01    4.934449e-01    4.056616e-03    2.480578e-03
    8.660940e+03    5.000168e-01    4.934467e-01    4.055853e-03    2.480668e-03
    8.681610e+03    5.000156e-01    4.934484e-01    4.055182e-03    2.480763e-03
    8.702281e+03    5.000144e-01    4.934501e-01    4.054610e-03    2.480861e-03
    8.722951e+03    5.000132e-01    4.934517e-01    4.054139e-03    2.480956e-03
    8.743622e+03    5.000120e-01    4.934532e-01    4.053771e-03    2.481046e-03
    8.764292e+03    5.000108e-01    4.934546e-01    4.053509e-03    2.481126e-03
    8.784962e+03    5.000096e-01    4.934558e-01    4.053352e-03    2.481195e-03
    8.805633e+03    5.000085e-01    4.934570e-01    4.053298e-03    2.481249e-03
    8.826303e+03    5.000074e-01    4.934580e-01    4.053346e-03    2.481284e-03
    8.846974e+03    5.000064e-01    4.934588e-01    4.053490e-03    2.481298e-03
    8.867645e+03    5.000055e-01    4.934595e-01    4.053727e-03    2.481289e-03
    8.888315e+03    5.000047e-01    4.934600e-01    4.054049e-03    2.481254e-03
    8.908986e+03    5.000040e-01    4.934603e-01    4.054450e-03    2.481192e-03
    8.929656e+03    5.000035e-01    4.934605e-01    4.054922e-03    2.481100e-03
    8.950327e+03    5.000031e-01    4.934605e-01    4.055455e-03    2.480978e-03
    8.970997e+03    5.000028e-01    4.934603e-01    4.056041e-03    2.480825e-03
    8.991667e+03    5.000027e-01    4.934600e-01    4.056668e-03    2.480641e-03
    9.012338e+03    5.000027e-01    4.934595e-01    4.057327e-03    2.480424e-03
    9.033008e+03    5.000029e-01    4.934589e-01    4.058005e-03    2.480177e-03
    9.053679e+03    5.000033e-01    4.934581e-01    4.058692e-03    2.479898e-03
    9.074350e+03    5.000038e-01    4.934572e-01    4.059377e-03    2.479590e-03
    9.095020e+03    5.000044e-01    4.934563e-01    4.060047e-03    2.479253e-03
    9.115691e+03    5.000052e-01    4.934552e-01    4.060693e-03    2.478890e-03
    9.136361e+03    5.000062e-01    4.934540e-01    4.061303e-03    2.478502e-03
    9.157032e+03    5.000072e-01    4.934528e-01    4.061867e-03    2.478091e-03
    9.177702e+03    5.000084e-01    4.934515e-01    4.062376e-03    2.477661e-03
    9.198372e+03    5.000097e-01    4.934502e-01    4.062820e-03    2.477213e-03
    9.219043e+03    5.000111e-01    4.934489e-01    4.063192e-03    2.476751e-03
    9.239713e+03    5.000126e-01    4.934477e-01    4.063484e-03    2.476279e-03
    9.260384e+03    5.000141e-01    4.934464e-01    4.063690e-03    2.475799e-03
    9.281055e+03    5.000157e-01    4.934452e-01    4.063806e-03    2.475314e-03
    9.301725e+03    5.000173e-01    4.934441e-01    4.063826e-03    2.474828e-03
    9.322396e+03    5.000189e-01    4.934430e-01    4.063748e-03    2.474345e-03
    9.343066e+03    5.000205e-01    4.934420e-01    4.063571e-03    2.473868e-03
    9.363737e+03    5.000221e-01    4.934412e-01    4.063294e-03    2.473400e-03
    9.384407e+03    5.000237e-01    4.934404e-01    4.062917e-03    2.472944e-03
    9.405077e+03    5.000252e-01    4.934398e-01    4.062444e-03    2.472503e-03
    9.425748e+03    5.000267e-01    4.934394e-01    4.061876e-03    2.472081e-03
    9.446418e+03    5.000281e-01    4.934390e-01    4.061219e-03    2.471679e-03
    9.467089e+03    5.000293e-01    4.934389e-01    4.060477e-03    2.471300e-03
    9.487760e+03    5.000305e-01    4.934389e-01    4.059658e-03    2.470947e-03
    9.508430e+03    5.000316e-01    4.934390e-01    4.058767e-03    2.470621e-03
    9.529101e+03    5.000325e-01    4.934393e-01    4.057814e-03    2.470323e-03
    9.549771e+03    5.000333e-01    4.934398e-01    4.056806e-03    2.470055e-03
    9.570442e+03    5.000340e-01    4.934404e-01    4.055754e-03    2.469818e-03
    9.591112e+03    5.000345e-01    4.934412e-01    4.054668e-03    2.469612e-03
    9.611782e+03    5.000349e-01    4.934421e-01    4.053557e-03    2.469436e-03
    9.632453e+03    5.000351e-01    4.934431e-01    4.052432e-03    2.469291e-03
    9.653123e+03    5.000352e-01    4.934443e-01    4.051304e-03    2.469177e-03
    9.673794e+03    5.000352e-01    4.934456e-01    4.050183e-03    2.469091e-03
    9.694465e+03    5.000350e-01    4.934469e-01    4.049081e-03    2.469034e-03
    9.715135e+03    5.000346e-01    4.934484e-01    4.048006e-03    2.469002e-03
    9.735806e+03    5.000342e-01    4.934499e-01    4.046970e-03    2.468995e-03
    9.756476e+03    5.000336e-01    4.934514e-01    4.045981e-03    2.469010e-03
    9.777147e+03    5.000329e-01    4.934530e-01    4.045048e-03    2.469044e-03
    9.797817e+03    5.000322e-01    4.934546e-01    4.044179e-03    2.469095e-03
    9.818488e+03    5.000313e-01    4.934562e-01    4.043381e-03    2.469160e-03
    9.839158e+03    5.000304e-01    4.934577e-01    4.042660e-03    2.469236e-03
    9.859828e+03    5.000294e-01    4.934593e-01    4.042023e-03    2.469319e-03
    9.880499e+03    5.000284e-01    4.934608e-01    4.041472e-03    2.469408e-03
    9.901169e+03    5.000273e-01    4.934622e-01    4.041012e-03    2.469497e-03
    9.921840e+03    5.000263e-01    4.934635e-01    4.040644e-03    2.469585e-03
    9.942511e+03    5.000252e-01    4.934647e-01    4.040369e-03    2.469667e-03
    9.963181e+03    5.000242e-01    4.934659e-01    4.040187e-03    2.469742e-03
    9.983852e+03    5.000232e-01    4.934669e-01    4.040097e-03    2.469805e-03
    1.000452e+04    5.000223e-01    4.934678e-01    4.040096e-03    2.469853e-03
    1.002519e+04    5.000214e-01    4.934685e-01    4.040181e-03    2.469885e-03
    1.004586e+04    5.000206e-01    4.934691e-01    4.040348e-03    2.469898e-03
    1.006653e+04    5.000199e-01    4.934696e-01    4.040590e-03    2.469889e-03
    1.008720e+04    5.000193e-01    4.934699e-01    4.040901e-03    2.469856e-03
    1.010787e+04    5.000188e-01    4.934701e-01    4.041275e-03    2.469798e-03
    1.012855e+04    5.000185e-01    4.934701e-01    4.041703e-03    2.469714e-03
    1.014922e+04    5.000182e-01    4.934700e-01    4.042177e-03    2.469601e-03
    1.016989e+04    5.000181e-01    4.934697e-01    4.042687e-03    2.469461e-03
